0.004
0.0125
0.0145
0.0145
0.0145
0.0145
0.0145
0.0145
0.0145
0.0145
0.0145
0.0145
0.0145
0.0145
0.0145
0.0145
0.0145
0.0145
0.0145
0.0145
0.015
0.015
0.015
0.015
0.015
0.015
0.015
0.015
0.015
0.015
0.015
0.015
0.015
0.015
0.015
0.015
0.015
0.015
0.015
0.015
0.015
0.015
0.015
0.015
0.015
0.015
0.015
0.015
0.015
0.015
0.015
0.015
0.015
0.015
0.015
0.015
0.015
0.015
0.015
0.015
0.015
0.015
0.015
0.015
0.015
0.015
0.015
0.015
0.015
0.015
0.015
0.0155
0.0155
0.0155
0.0155
0.0155
0.0155
0.0155
0.0155
0.0155
0.0155
0.0155
0.0155
0.0155
0.0155
0.0155
0.0155
0.0155
0.0155
0.0155
0.0155
0.0155
0.0155
0.0155
0.016
0.016
0.016
0.016
0.016
0.016
0.016
0.016
0.016
0.0165
0.0165
0.0165
0.0165
0.0165
0.017
0.017
0.017
0.017
0.0175
0.0175
0.0175
0.018
0.018
0.018
0.0185
0.0185
0.0185
0.019
0.019
0.019
0.019
0.0195
0.0195
0.0195
0.0195
0.02
0.02
0.02
0.02
0.0205
0.0205
0.0205
0.021
0.021
0.021
0.0215
0.0215
0.0215
0.022
0.022
0.0225
0.023
0.023
0.0235
0.0235
0.0235
0.0235
0.0235
0.0235
0.0235
0.024
0.024
0.024
0.024
0.024
0.024
0.0245
0.0245
0.0245
0.0245
0.025
0.025
0.0255
0.0255
0.026
0.026
0.0265
0.0265
0.027
0.0275
0.0275
0.0275
0.0275
0.0275
0.0275
0.0275
0.0275
0.0275
0.028
0.028
0.028
0.0285
0.0285
0.029
0.0295
0.03
0.03
0.0305
0.0305
0.031
0.031
0.031
0.0315
0.0315
0.0315
0.0315
0.0315
0.0315
0.0315
0.032
0.032
0.032
0.032
0.032
0.0325
0.0325
0.0325
0.0325
0.0325
0.033
0.033
0.033
0.033
0.033
0.0335
0.0335
0.0335
0.0335
0.034
0.034
0.034
0.034
0.0345
0.0345
0.0345
0.0345
0.035
0.035
0.035
0.0355
0.0355
0.0355
0.0355
0.036
0.036
0.036
0.036
0.0365
0.0365
0.0365
0.037
0.037
0.037
0.0375
0.0375
0.0375
0.0375
0.038
0.038
0.038
0.0385
0.0385
0.0385
0.039
0.039
0.039
0.039
0.0395
0.0395
0.0395
0.0395
0.04
0.04
0.04
0.04
0.04
0.04
0.0405
0.0405
0.0405
0.0405
0.0405
0.0405
0.041
0.041
0.041
0.041
0.041
0.041
0.041
0.0415
0.0415
0.0415
0.0415
0.0415
0.0415
0.0415
0.0415
0.0415
0.042
0.042
0.042
0.042
0.042
0.042
0.042
0.042
0.042
0.042
0.0425
0.0425
0.0425
0.0425
0.0425
0.0425
0.0425
0.0425
0.0425
0.043
0.043
0.043
0.043
0.043
0.043
0.043
0.043
0.0435
0.0435
0.0435
0.0435
0.0435
0.0435
0.044
0.044
0.044
0.044
0.044
0.044
0.044
0.0445
0.0445
0.0445
0.0445
0.0445
0.0445
0.045
0.045
0.045
0.045
0.045
0.045
0.0455
0.0455
0.0455
0.0455
0.0455
0.0455
0.046
0.046
0.046
0.046
0.046
0.0465
0.0465
0.0465
0.0465
0.0465
0.047
0.047
0.047
0.047
0.047
0.047
0.047
0.0475
0.0475
0.0475
0.0475
0.0475
0.0475
0.048
0.048
0.048
0.048
0.048
0.048
0.048
0.048
0.0485
0.0485
0.0485
0.0485
0.0485
0.0485
0.0485
0.0485
0.0485
0.049
0.049
0.049
0.049
0.049
0.049
0.049
0.049
0.049
0.0495
0.0495
0.0495
0.0495
0.0495
0.0495
0.0495
0.0495
0.0495
0.0495
0.05
0.05
0.05
0.05
0.05
0.05
0.05
0.05
0.05
0.05
0.05
0.05
0.0505
0.0505
0.0505
0.0505
0.0505
0.0505
0.0505
0.0505
0.051
0.051
0.051
0.051
0.051
0.051
0.051
0.0515
0.0515
0.0515
0.0515
0.0515
0.0515
0.0515
0.0515
0.0515
0.052
0.052
0.052
0.052
0.052
0.052
0.0525
0.0525
0.0525
0.0525
0.0525
0.0525
0.053
0.053
0.053
0.053
0.053
0.053
0.0535
0.0535
0.0535
0.0535
0.0535
0.054
0.054
0.054
0.054
0.054
0.0545
0.0545
0.0545
0.0545
0.055
0.055
0.055
0.055
0.055
0.0555
0.0555
0.0555
0.0555
0.056
0.056
0.056
0.056
0.056
0.0565
0.0565
0.0565
0.0565
0.057
0.057
0.057
0.057
0.0575
0.0575
0.0575
0.0575
0.058
0.058
0.058
0.0585
0.0585
0.0585
0.0585
0.059
0.059
0.059
0.059
0.059
0.0595
0.0595
0.0595
0.06
0.06
0.06
0.06
0.0605
0.0605
0.0605
0.061
0.061
0.061
0.061
0.0615
0.0615
0.0615
0.062
0.062
0.062
0.062
0.0625
0.0625
0.0625
0.063
0.063
0.063
0.063
0.0635
0.0635
0.0635
0.0635
0.064
0.064
0.064
0.0645
0.0645
0.0645
0.0645
0.065
0.065
0.065
0.0655
0.0655
0.0655
0.066
0.066
0.066
0.066
0.0665
0.0665
0.0665
0.067
0.067
0.067
0.0675
0.0675
0.0675
0.0675
0.068
0.068
0.068
0.068
0.068
0.0685
0.0685
0.0685
0.0685
0.069
0.069
0.069
0.0695
0.0695
0.0695
0.07
0.07
0.07
0.0705
0.0705
0.0705
0.0705
0.071
0.071
0.071
0.0715
0.0715
0.0715
0.072
0.072
0.072
0.0725
0.0725
0.0725
0.073
0.073
0.073
0.073
0.0735
0.0735
0.0735
0.074
0.074
0.074
0.0745
0.0745
0.0745
0.0745
0.075
0.075
0.075
0.0755
0.0755
0.0755
0.0755
0.076
0.076
0.076
0.076
0.076
0.0765
0.0765
0.0765
0.0765
0.077
0.077
0.077
0.0775
0.0775
0.0775
0.0775
0.078
0.078
0.078
0.0785
0.0785
0.0785
0.079
0.079
0.079
0.079
0.0795
0.0795
0.0795
0.08
0.08
0.08
0.0805
0.0805
0.0805
0.081
0.081
0.081
0.081
0.0815
0.0815
0.0815
0.082
0.082
0.082
0.0825
0.0825
0.0825
0.083
0.083
0.083
0.0835
0.0835
0.0835
0.084
0.084
0.084
0.0845
0.0845
0.0845
0.0845
0.085
0.085
0.085
0.0855
0.0855
0.0855
0.086
0.086
0.086
0.086
0.0865
0.0865
0.0865
0.087
0.087
0.087
0.0875
0.0875
0.0875
0.088
0.088
0.088
0.088
0.0885
0.0885
0.0885
0.089
0.089
0.089
0.089
0.0895
0.0895
0.0895
0.09
0.09
0.09
0.0905
0.0905
0.0905
0.0905
0.091
0.091
0.091
0.0915
0.0915
0.0915
0.092
0.092
0.092
0.0925
0.0925
0.0925
0.0925
0.093
0.093
0.093
0.0935
0.0935
0.0935
0.094
0.094
0.0945
0.0945
0.095
0.095
0.095
0.0955
0.0955
0.096
0.096
0.0965
0.0965
0.0965
0.097
0.097
0.097
0.0975
0.0975
0.098
0.098
0.098
0.0985
0.0985
0.099
0.099
0.0995
0.0995
0.0995
0.1
0.1
0.1
0.1005
0.1005
0.101
0.101
0.101
0.1015
0.1015
0.102
0.102
0.102
0.1025
0.1025
0.103
0.103
0.103
0.1035
0.1035
0.104
0.104
0.104
0.1045
0.1045
0.105
0.105
0.1055
0.1055
0.106
0.106
0.106
0.1065
0.1065
0.107
0.107
0.1075
0.1075
0.108
0.108
0.108
0.1085
0.1085
0.109
0.109
0.1095
0.1095
0.11
0.1105
0.1105
0.111
0.111
0.1115
0.1115
0.112
0.1125
0.1125
0.113
0.1135
0.1135
0.114
0.1145
0.1145
0.115
0.115
0.1155
0.116
0.116
0.1165
0.117
0.1175
0.118
0.1185
0.1185
0.119
0.1195
0.12
0.1205
0.121
0.1215
0.122
0.1225
0.1225
0.123
0.1235
0.124
0.1245
0.125
0.125
0.1255
0.126
0.1265
0.127
0.1275
0.1275
0.128
0.1285
0.129
0.1295
0.1295
0.13
0.1305
0.131
0.1315
0.132
0.1325
0.133
0.1335
0.134
0.1345
0.135
0.1355
0.136
0.1365
0.137
0.1375
0.138
0.1385
0.139
0.1395
0.14
0.1405
0.141
0.1415
0.142
0.1425
0.143
0.1435
0.144
0.1445
0.145
0.1455
0.1465
0.147
0.1475
0.148
0.1485
0.149
0.1495
0.15
0.1505
0.151
0.1515
0.1515
0.152
0.152
0.1525
0.153
0.153
0.1535
0.154
0.154
0.1545
0.155
0.155
0.1555
0.1555
0.156
0.156
0.1565
0.157
0.157
0.1575
0.158
0.158
0.1585
0.159
0.1595
0.1595
0.16
0.1605
0.161
0.161
0.1615
0.162
0.1625
0.1625
0.163
0.1635
0.164
0.1645
0.165
0.1655
0.166
0.1665
0.167
0.168
0.168
0.169
0.1695
0.17
0.1705
0.171
0.1715
0.172
0.173
0.1735
0.174
0.175
0.1755
0.176
0.1765
0.177
0.1775
0.178
0.179
0.1795
0.18
0.1805
0.181
0.1815
0.1825
0.183
0.1835
0.1845
0.185
0.1855
0.1865
0.187
0.188
0.1885
0.1895
0.1905
0.191
0.192
0.1925
0.1935
0.1945
0.195
0.196
0.197
0.198
0.1985
0.1995
0.2005
0.2015
0.2025
0.2035
0.2045
0.205
0.206
0.207
0.208
0.209
0.21
0.211
0.212
0.2125
0.2135
0.2145
0.215
0.216
0.2165
0.2175
0.2185
0.2195
0.2205
0.221
0.222
0.2225
0.223
0.224
0.225
0.226
0.227
0.2285
0.2295
0.2305
0.2315
0.2325
0.234
0.235
0.236
0.2375
0.239
0.2405
0.2415
0.243
0.244
0.2455
0.2465
0.248
0.249
0.2505
0.252
0.2535
0.255
0.256
0.2575
0.2585
0.2595
0.2605
0.262
0.263
0.264
0.265
0.267
0.268
0.269
0.2705
0.2715
0.272
0.273
0.274
0.275
0.276
0.277
0.278
0.279
0.28
0.2815
0.2825
0.2835
0.2845
0.286
0.287
0.2885
0.2905
0.292
0.2935
0.2955
0.2975
0.2995
0.3015
0.3035
0.305
0.3065
0.3085
0.3105
0.313
0.317
0.3205
0.323
0.326
0.3285
0.331
0.3325
0.3355
0.338
0.3415
0.3445
0.348
0.352
0.3565
0.3605
0.3655
0.3725
0.3795
0.3865
0.3935
0.401
0.409
0.418
0.4275
0.44
0.4495
0.46
0.472
0.4915
0.5245
0.569